Kuupaev,temperatuur,niiskus,valgus,pNiiskus,taimeKorgus
2019-05-03 14:17:42,24.6,21.7,2116,566,11
2019-05-03 14:17:51,24.7,21.8,2141,566,11
2019-05-03 14:18:00,24.6,21.7,2172,566,11
2019-05-03 14:18:09,24.6,21.7,2172,569,11
2019-05-03 14:18:18,24.6,21.7,2156,569,11
2019-05-03 14:18:27,24.7,21.8,2181,566,11
2019-05-03 14:18:36,24.7,21.7,2237,569,11
2019-05-03 14:18:44,24.7,21.7,2252,565,11
2019-05-03 14:18:53,24.7,21.7,2252,566,11
2019-05-03 14:19:02,24.7,21.7,2187,566,11
2019-05-03 14:19:11,24.7,21.7,2267,569,11
2019-05-03 14:19:20,24.7,21.8,2317,566,11
2019-05-03 14:19:29,24.7,21.8,2332,566,11
2019-05-03 14:19:38,24.7,21.8,2357,566,11
2019-05-03 14:19:47,24.7,21.8,2382,566,11
2019-05-03 14:19:56,24.7,21.8,2428,566,11
2019-05-03 14:20:05,24.7,21.8,2413,565,11
2019-05-03 14:20:13,24.7,21.8,2388,566,11
2019-05-03 14:20:22,24.7,21.8,2388,570,11
2019-05-03 14:20:31,24.7,21.8,2418,566,11
2019-05-03 14:20:40,24.7,21.8,2453,566,11
2019-05-03 14:20:49,24.7,21.8,2493,566,11
2019-05-03 14:20:58,24.7,21.8,2518,566,11
2019-05-03 14:21:10,24.7,21.8,2549,570,11
2019-05-03 14:21:26,24.7,21.7,2534,566,12
2019-05-03 14:21:35,24.7,21.7,2534,566,11
2019-05-03 14:21:44,24.6,21.7,2518,566,11
2019-05-03 14:21:53,24.6,21.7,2579,566,11
2019-05-03 14:22:02,24.6,21.8,2589,566,11
2019-05-03 14:22:11,24.7,21.8,2589,570,11
2019-05-03 14:22:19,24.6,21.7,2549,566,11
2019-05-03 14:22:28,24.6,21.7,2559,566,11
2019-05-03 14:22:37,24.7,21.7,2574,566,11
2019-05-03 14:22:46,24.7,21.7,2534,566,11
2019-05-03 14:22:55,24.6,21.7,2564,566,12
2019-05-03 14:23:04,24.6,21.7,2559,566,11
2019-05-03 14:23:13,24.6,21.7,2589,566,11
2019-05-03 14:23:22,24.6,21.7,2614,566,11
2019-05-03 14:23:31,24.6,21.7,2614,566,11
2019-05-03 14:23:41,24.6,21.6,2629,566,11
2019-05-03 14:23:50,24.6,21.6,2629,566,11
2019-05-03 14:23:59,24.6,21.6,2629,566,11
2019-05-03 14:24:08,24.6,21.6,2639,566,11
2019-05-03 14:24:19,24.6,21.7,2654,566,11
2019-05-03 14:24:36,24.6,21.8,2694,566,12
2019-05-03 14:24:45,24.7,21.9,2402,566,12
2019-05-03 14:24:54,24.7,21.9,2654,566,12
2019-05-03 14:25:03,24.7,21.9,2679,566,12
2019-05-03 14:25:23,24.7,22.1,2710,566,12
2019-05-03 14:25:32,24.7,22.1,2710,566,12
2019-05-03 14:25:54,24.8,21.9,2679,566,12
2019-05-03 14:26:03,24.8,21.8,2679,566,11
2019-05-03 14:26:12,24.8,21.8,2694,566,11
2019-05-03 14:26:21,24.8,21.8,2694,566,11
2019-05-03 14:26:29,24.8,21.7,2679,566,11
2019-05-03 14:26:38,24.8,21.7,2679,570,12
2019-05-03 14:26:47,24.8,21.7,2679,570,11
2019-05-03 14:26:56,24.8,21.7,2679,566,12
2019-05-03 14:27:05,24.8,21.8,2679,566,12
2019-05-03 14:27:14,24.8,21.7,2679,566,12
2019-05-03 14:27:23,24.8,21.8,2679,566,12
2019-05-03 14:27:32,24.8,21.8,2679,566,11
2019-05-03 14:27:40,24.8,21.9,2685,566,12
2019-05-03 14:27:49,24.8,21.9,2669,566,11
2019-05-03 14:27:58,24.8,21.9,2669,566,11
2019-05-03 14:28:07,24.8,21.8,2669,566,11
2019-05-03 14:28:16,24.8,21.8,2669,566,12
2019-05-03 14:28:25,24.8,21.8,2654,566,12
2019-05-03 14:28:34,24.8,21.8,2654,566,11
2019-05-03 14:28:42,24.8,21.8,2654,566,12
2019-05-03 14:28:51,24.8,21.8,2654,566,11
2019-05-03 14:29:00,24.9,21.8,2675,566,11
2019-05-03 14:29:09,24.9,21.8,2654,566,11
2019-05-03 14:29:18,24.9,21.8,2675,570,11
2019-05-03 14:29:27,24.9,21.7,2660,566,11
2019-05-03 14:29:36,24.9,21.8,2675,570,11
2019-05-03 14:29:45,24.9,21.8,2669,566,12
2019-05-03 14:29:53,24.9,21.7,2685,566,12
2019-05-03 14:30:02,24.9,21.7,2700,566,12
2019-05-03 14:30:11,24.9,21.6,2700,566,11
2019-05-03 14:30:20,24.9,21.6,2685,566,11
2019-05-03 14:30:29,24.9,21.7,2685,566,12
2019-05-03 14:30:38,24.9,21.7,2690,566,11
2019-05-03 14:30:46,24.9,21.7,2690,566,11
2019-05-03 14:30:55,24.9,21.7,2675,566,11
2019-05-03 14:31:04,24.9,21.7,2660,566,12
2019-05-03 14:31:13,24.9,21.7,2650,566,11
2019-05-03 14:31:22,24.9,21.7,2635,566,12
2019-05-03 14:31:31,24.8,21.7,2619,566,12
2019-05-03 14:31:40,24.8,21.6,2594,566,12
2019-05-03 14:31:49,24.8,21.6,2610,566,11
2019-05-03 14:31:57,24.8,21.7,2589,566,11
2019-05-03 14:32:06,24.8,21.7,2589,566,12
2019-05-03 14:32:15,24.8,21.8,2589,566,11
2019-05-03 14:32:24,24.8,21.8,2594,566,11
2019-05-03 14:32:33,24.8,21.8,2594,566,11
2019-05-03 14:32:42,24.7,21.7,2594,566,11
2019-05-03 14:32:51,24.7,21.8,2554,566,12
2019-05-03 14:32:59,24.7,21.8,2529,566,12
2019-05-03 14:33:08,24.7,21.8,2408,566,12
2019-05-03 14:33:17,24.7,21.8,2248,566,12
2019-05-03 14:33:26,24.7,21.9,2449,566,12
2019-05-03 14:33:35,24.7,21.9,2635,566,12
2019-05-03 14:33:44,24.7,22,2635,566,11
2019-05-03 14:33:53,24.7,22,2644,566,11
2019-05-03 14:34:01,24.7,21.9,2660,566,12
2019-05-03 14:34:10,24.7,21.9,2468,566,12
2019-05-03 14:34:19,24.8,22,2342,566,12
2019-05-03 14:34:28,24.8,21.9,2357,566,12
2019-05-03 14:34:37,24.8,21.9,2675,566,12
2019-05-03 14:34:46,24.8,22,2554,566,11
2019-05-03 14:34:55,24.8,22.1,2569,566,12
2019-05-03 14:35:03,24.8,22,2644,566,12
2019-05-03 14:35:12,24.8,22,2675,566,11
2019-05-03 14:35:21,24.9,22.2,2660,566,12
2019-05-03 14:35:30,24.9,22.1,2644,567,12
2019-05-03 14:35:39,24.9,21.9,2644,566,11
2019-05-03 14:35:48,24.9,21.9,2650,567,12
2019-05-03 14:35:57,24.9,22,2554,566,12
2019-05-03 14:36:05,24.9,22.1,2635,567,12
2019-05-03 14:36:14,25,22.2,2650,567,12
2019-05-03 14:36:23,25,22.2,2660,567,12
2019-05-03 14:36:32,25,22.2,2660,567,12
2019-05-03 14:36:41,25,21.9,2675,567,12
2019-05-03 14:36:50,25,21.8,2700,567,12
2019-05-03 14:36:58,25,21.6,2730,567,11
2019-05-03 14:37:07,25,21.6,2755,567,11
2019-05-03 14:37:16,25.1,21.7,2841,567,11
2019-05-03 14:37:25,25.1,21.7,2937,567,11
2019-05-03 14:37:45,25.1,20.6,3123,559,27
2019-05-03 14:37:53,25.1,21.7,3218,564,11
2019-05-03 14:38:02,25.1,21.7,3375,566,12
2019-05-03 14:38:11,25.1,21.6,3480,567,12
2019-05-03 14:38:20,25.1,21.5,3576,570,11
2019-05-03 14:38:29,25.1,21.6,3641,567,11
2019-05-03 14:38:38,25.1,21.7,3767,567,12
2019-05-03 14:38:47,25.1,21.7,3596,567,12
2019-05-03 14:38:56,25.1,21.7,3838,567,11
2019-05-03 14:39:37,25.1,21.7,3501,567,25
2019-05-03 14:40:04,25.2,20.9,3214,556,26
2019-05-03 15:10:10,25.2,21.9,3239,567,10
2019-05-03 15:40:16,24.9,21.6,2468,569,10
2019-05-03 16:10:22,25.1,21.5,2503,572,10
2019-05-03 16:40:28,24.9,21.4,1471,576,10
2019-05-03 17:10:34,24.9,21.1,1064,578,10
2019-05-03 17:40:40,24.5,21.5,995,581,9
2019-05-03 18:10:45,24.1,21.6,552,580,9
2019-05-03 18:40:51,23.8,21.9,482,579,9
2019-05-03 19:10:57,23.3,22.1,438,595,9
2019-05-03 19:41:08,22.9,22.3,480,602,9
2019-05-03 20:11:19,22.6,22.2,185,602,9
2019-05-03 20:41:30,22.4,22,151,606,9
2019-05-03 21:11:41,22.2,22.3,38,607,9
2019-05-03 21:41:52,21.8,22,4,608,9
2019-05-03 22:12:03,21.5,22.3,1,626,10
2019-05-03 22:42:14,21.3,22.5,1,637,10
2019-05-03 23:12:25,21.1,22.6,1,640,10
2019-05-03 23:42:36,21,22.5,1,646,10
2019-05-04 00:12:47,20.9,22.7,1,654,9
2019-05-04 00:42:58,20.9,22.7,1,658,8
2019-05-04 01:13:09,20.8,22.3,1,666,7
2019-05-04 01:43:20,20.7,23.7,1,668,7
2019-05-04 02:13:31,20.6,22.4,1,666,7
2019-05-04 02:43:42,20.5,22.6,1,668,7
2019-05-04 03:13:53,20.5,22.7,1,666,9
2019-05-04 03:44:04,20.4,22.9,1,665,9
2019-05-04 04:14:15,20.4,22.8,1,674,7
2019-05-04 04:44:26,20.3,23.3,1,684,8
2019-05-04 05:14:37,20.2,23.9,20,678,12
2019-05-04 05:44:48,20.2,24.1,83,681,5
2019-05-04 06:14:59,20.2,24,166,687,17
2019-05-04 06:45:10,20.3,24.3,271,674,16
2019-05-04 07:15:21,20.3,24.6,394,678,6
2019-05-04 07:45:32,20.5,24.4,570,676,16
2019-05-04 08:15:43,20.8,24.4,778,681,16
2019-05-04 08:45:54,21.2,24.7,967,685,6
2019-05-04 09:16:05,21.7,24.8,1489,686,15
2019-05-04 09:46:16,21.9,23.7,2229,681,15
2019-05-04 10:16:27,22.8,25.8,2212,682,6
2019-05-04 10:46:38,23,23.2,1709,677,6
2019-05-04 11:16:49,23.4,24.2,1938,678,15
2019-05-04 11:47:00,23.7,23.9,1973,685,5
2019-05-04 12:17:11,23.6,23.7,524,682,5
2019-05-04 12:47:22,23.1,24.6,2758,689,6
2019-05-04 13:17:33,23,25.2,4180,682,5
2019-05-04 13:47:44,23.9,25.2,2298,689,5
2019-05-04 14:17:55,24.2,25.9,1211,692,-4
2019-05-04 14:48:06,24.4,26,977,685,5
2019-05-04 15:18:17,24,25.6,1236,685,7
2019-05-04 15:48:28,24.4,25.7,1352,684,7
2019-05-04 16:18:39,24.2,25.1,294,690,7
2019-05-04 16:48:50,23.6,26.3,907,692,7
2019-05-04 17:19:01,23.4,27.1,905,686,7
2019-05-04 17:49:12,23.2,27.4,481,686,7
2019-05-04 18:19:23,22.8,28.2,145,689,7
2019-05-04 18:49:33,22.3,28.9,221,685,15
2019-05-04 19:19:44,22,29.4,391,687,15
2019-05-04 19:49:55,21.9,29.5,154,693,17
2019-05-04 20:20:06,21.5,29.6,72,693,16
2019-05-04 20:50:17,21.4,29.7,54,696,16
2019-05-04 21:20:28,21.3,30.6,25,696,16
2019-05-04 21:50:39,21.2,30.4,3,693,7
2019-05-04 22:20:50,21.1,30.7,1,702,8
2019-05-04 22:51:01,20.9,31.5,1,694,8
2019-05-04 23:21:12,20.9,31.3,1,702,9
2019-05-04 23:51:24,20.9,31.8,1,702,9
2019-05-05 00:21:35,20.9,31.5,1,702,9
2019-05-05 00:51:46,20.8,31.5,1,697,9
2019-05-05 01:21:57,20.8,31.4,1,703,9
2019-05-05 01:52:08,20.7,31.4,1,696,9
2019-05-05 02:22:19,20.7,31.7,1,705,12
2019-05-05 02:52:30,20.6,32.7,1,705,14
2019-05-05 03:22:41,20.5,31.3,1,705,13
2019-05-05 03:52:52,20.5,31.2,1,705,7
2019-05-05 04:23:03,20.4,31.3,1,702,-3
2019-05-05 04:53:14,20.4,31.4,5,702,-3
2019-05-05 05:23:25,20.4,30.6,40,706,-2
2019-05-05 05:53:36,20.3,30.6,113,708,7
2019-05-05 06:23:47,20.3,30.6,184,709,16
2019-05-05 06:53:58,20.3,29.9,315,705,13
2019-05-05 07:24:09,20.5,30,460,709,16
2019-05-05 07:54:20,20.7,30.1,649,709,15
2019-05-05 08:24:31,20.9,29.4,837,705,14
2019-05-05 08:54:42,21.4,29.1,1007,709,14
2019-05-05 09:24:53,21.7,28.9,1211,710,13
2019-05-05 09:55:04,22.1,29.9,1356,706,14
2019-05-05 10:25:15,22.5,29.5,1475,706,13
2019-05-05 10:55:26,22.9,27,1611,711,9
2019-05-05 11:25:37,23.3,26.7,1213,711,9
2019-05-05 11:55:48,24,24.8,2054,710,9
2019-05-05 12:25:59,24.3,24.5,2062,706,9
2019-05-05 12:56:10,24.6,24.3,2384,706,9
2019-05-05 13:26:21,24.7,24.8,2403,708,9
2019-05-05 13:56:32,24.9,24.6,2215,702,10
2019-05-05 14:26:43,25,24.4,2575,709,8
2019-05-05 14:56:54,25.4,23.7,2140,709,8
2019-05-05 15:27:05,25.6,22.6,1532,708,8
2019-05-05 15:57:16,25.3,22.4,2673,703,9
2019-05-05 16:27:27,25.8,22,2536,702,12
2019-05-05 16:57:38,25.4,22.4,1515,708,12
2019-05-05 17:27:49,25.4,22.6,1492,704,13
2019-05-05 17:58:00,25.4,22.7,911,708,11
2019-05-05 18:28:11,25.1,22.5,1077,710,12
2019-05-05 18:58:22,24.8,22.4,367,711,13
2019-05-05 19:28:33,24.3,22.9,392,712,15
2019-05-05 19:58:44,24.1,23.6,388,713,14
2019-05-05 20:28:55,23.8,24.2,239,709,13
2019-05-05 20:59:06,23.6,24.8,82,715,13
2019-05-05 21:29:17,23.2,25.3,16,716,13
2019-05-05 21:59:28,22.8,26.3,0,718,13
2019-05-05 22:29:39,22.4,27,1,720,12
2019-05-05 22:59:50,22,27.3,1,722,12
2019-05-05 23:30:01,21.7,27.6,1,724,13
2019-05-06 00:00:12,21.5,28.1,1,725,12
2019-05-06 00:30:23,21.3,28.3,1,727,7
2019-05-06 01:00:34,21.1,28.2,1,728,7
2019-05-06 01:30:45,21,28.2,1,727,12
2019-05-06 02:00:56,21,28.2,1,725,-169
2019-05-06 02:31:07,20.9,28.4,1,727,-476
2019-05-06 03:01:18,20.8,28.2,1,732,6
2019-05-06 03:31:29,20.7,28.3,1,732,-3098
2019-05-06 04:01:40,20.7,28.4,1,734,16
2019-05-06 04:31:51,20.7,28.5,0,735,17
2019-05-06 05:02:03,20.6,28.9,14,734,3
2019-05-06 05:32:14,20.6,29,65,738,4
2019-05-06 06:02:25,20.6,29.2,144,735,6
2019-05-06 06:32:35,20.6,29.3,236,735,15
2019-05-06 07:02:47,20.7,29.2,355,736,6
2019-05-06 07:32:57,20.9,29.1,514,737,5
2019-05-06 08:03:08,21.1,29,717,738,6
2019-05-06 08:33:19,21.5,28.8,890,741,4
2019-05-06 09:03:31,21.8,28.3,1069,738,4
2019-05-06 09:33:41,22.2,27.5,1243,736,5
2019-05-06 10:03:52,22.6,26.6,1378,754,5
2019-05-06 10:34:03,23.2,25.5,1439,761,6
2019-05-06 11:04:14,23.7,24.8,1427,759,6
2019-05-06 11:34:25,24.1,23.7,1457,760,6
2019-05-06 12:04:36,24.2,22.9,1458,763,7
2019-05-06 12:34:47,24.7,21.5,1498,765,7
2019-05-06 13:04:58,25.2,20.8,1731,776,7
2019-05-06 13:35:09,25.5,20.2,1951,786,7
2019-05-06 14:05:20,26.1,19.3,2569,787,7
2019-05-06 14:35:31,26.3,19,910,782,7
2019-05-06 15:05:42,26.6,18.4,1855,776,7
2019-05-06 15:35:53,26.6,18.2,1601,778,7
2019-05-06 16:06:04,26.9,17.9,1739,775,7
2019-05-06 16:36:15,26.5,17.9,1182,769,6
2019-05-06 17:06:26,26.2,17.9,1365,773,5
2019-05-06 17:36:37,26.3,18.3,1311,768,5
2019-05-06 18:06:48,26.4,19.2,1158,765,5
2019-05-06 18:36:59,26,20.2,1311,766,5
2019-05-06 19:07:10,26,20.8,965,766,5
2019-05-06 19:37:21,25.7,21.1,427,768,4
2019-05-06 20:07:32,25.4,22.2,325,773,16
2019-05-06 20:37:43,25.1,23.7,160,772,16
2019-05-06 21:07:54,24.6,25.5,80,770,15
2019-05-06 21:38:05,24.3,26.3,12,775,16
2019-05-06 22:08:16,24,25.6,2,776,17
2019-05-06 22:38:27,23.5,26,1,780,17
2019-05-06 23:08:38,23.2,26.2,1,794,17
2019-05-06 23:38:52,22.8,26.4,1,793,8
2019-05-07 00:09:03,22.5,26.4,1,788,8
2019-05-07 00:39:14,22.3,26.1,1,795,9
2019-05-07 01:09:25,22.2,25.9,1,796,10
2019-05-07 01:39:36,22.1,25.7,1,800,8
2019-05-07 02:09:47,21.9,25.6,1,800,6
2019-05-07 02:39:58,21.9,25.3,1,802,-4
2019-05-07 03:10:10,21.8,25.1,1,806,-3137
2019-05-07 03:40:21,21.7,25,1,806,-2
2019-05-07 04:10:32,21.6,25.2,1,811,19
2019-05-07 04:40:43,21.6,25.1,3,812,18
2019-05-07 05:10:54,21.5,25.3,21,814,17
2019-05-07 05:41:05,21.5,25.5,79,813,14
2019-05-07 06:11:16,21.5,25.4,183,814,19
2019-05-07 06:41:27,21.4,25.5,339,807,19
2019-05-07 07:11:38,21.6,25.6,484,810,20
2019-05-07 07:41:49,21.7,25.5,491,811,19
2019-05-07 08:12:00,21.8,25.6,764,811,19
2019-05-07 08:42:11,21.9,25.6,1212,810,19
2019-05-07 09:12:22,22.3,25.6,1435,805,19
2019-05-07 09:42:33,22.7,25.3,1454,806,6
2019-05-07 10:12:44,23,25,2030,798,6
2019-05-07 10:42:54,23.3,24.8,2285,805,5
2019-05-07 11:13:05,24,24.2,2641,810,3
2019-05-07 11:43:16,24.4,24.3,2321,804,3
2019-05-07 12:13:27,24.5,24,2235,800,2
2019-05-07 12:43:38,25.1,24.3,2382,800,1
2019-05-07 13:13:50,25.3,24.9,1313,795,2
2019-05-07 13:44:01,24.9,25.8,838,795,-3125
2019-05-07 14:14:12,24.9,26.3,4216,796,1
2019-05-07 14:44:25,24.8,27.4,2433,798,3
2019-05-07 15:44:52,24.9,27.5,639,787,3
2019-05-07 16:15:03,24.4,28.1,2450,787,3
2019-05-07 16:45:14,25,27.7,1181,785,4
2019-05-07 17:15:25,24.8,27.9,905,792,4
2019-05-07 17:45:36,24.8,27.2,738,790,4
2019-05-07 18:15:47,24.8,26.9,636,795,3
2019-05-07 18:45:57,24.5,27.7,623,788,4
2019-05-07 19:16:08,24.7,27.6,533,787,3
2019-05-07 19:46:19,24.3,28.5,331,784,2
2019-05-07 20:16:30,24.1,29.6,126,786,3
2019-05-07 20:46:41,23.6,31.4,159,784,3
2019-05-07 21:16:52,23.4,32.9,87,790,2
2019-05-07 21:47:03,23.3,35.9,42,784,-3127
2019-05-07 22:17:14,23.2,36.3,1,792,0
2019-05-07 22:47:26,23,35.9,1,794,-3121
2019-05-07 23:17:37,22.4,35,1,796,-3137
2019-05-07 23:47:48,22.2,33.8,1,796,19
2019-05-08 00:17:59,21.9,33,1,798,17
2019-05-08 00:48:10,21.6,32.2,1,801,16
2019-05-08 01:18:21,21.5,31.7,1,802,2
2019-05-08 01:48:32,21.4,31.3,1,801,2
2019-05-08 02:18:43,21.3,31.1,1,805,17
2019-05-08 02:48:54,21.2,31,1,801,4
2019-05-08 03:19:05,21.1,31.1,1,805,3
2019-05-08 03:49:16,21.1,31.2,1,806,2
2019-05-08 04:19:27,21.1,31.4,1,799,4
2019-05-08 04:49:38,21,31.5,8,798,2
2019-05-08 05:19:49,21,31.6,53,798,4
2019-05-08 05:50:00,21.1,31.6,128,802,3
2019-05-08 06:20:11,21,31.8,292,800,4
2019-05-08 06:50:22,21.1,31.7,335,798,16
2019-05-08 07:20:33,21.3,31.5,478,796,5
2019-05-08 07:50:44,21.5,31.1,700,793,3
2019-05-08 08:20:55,21.8,30.8,899,793,2
2019-05-08 08:51:06,22.3,30.2,1062,785,2
2019-05-08 09:21:17,22.7,29.9,1242,783,17
2019-05-08 09:51:28,23.1,29.4,1875,785,18
2019-05-08 10:21:39,23.5,28.9,2059,788,18
2019-05-08 10:51:50,24.3,27.8,1036,797,18
2019-05-08 11:22:01,24.7,27.6,650,797,18
2019-05-08 11:52:12,24.4,28,1902,794,18
2019-05-08 12:22:23,24.9,27.2,1942,785,18
2019-05-08 12:52:34,25.1,26.7,1387,787,18
2019-05-08 13:22:45,25.4,26,992,788,18
2019-05-08 13:52:56,25.4,26.2,2849,788,18
2019-05-08 14:23:07,25.7,26.4,1264,786,-3146
2019-05-08 14:53:18,26.2,26,3012,786,-2
2019-05-08 15:23:29,26.1,26.5,3102,784,0
2019-05-08 15:53:39,26,25.6,2259,786,0
2019-05-08 16:23:50,25.7,25.3,3144,785,18
2019-05-08 16:54:01,25.5,25,1216,782,2
2019-05-08 17:24:12,25.2,25,1683,786,2
2019-05-08 17:54:23,25.3,24.7,1249,786,3
2019-05-08 18:24:34,24.9,24.5,823,790,3
2019-05-08 18:54:45,24.8,25,761,776,3
2019-05-08 19:24:56,24.7,25.8,482,788,3
2019-05-08 19:55:07,24.4,27.5,325,786,2
2019-05-08 20:25:18,24.3,28.9,218,787,-3124
2019-05-08 20:55:29,24.1,34.5,113,786,1
2019-05-08 21:25:40,23.7,34.9,33,780,-3079
2019-05-08 21:55:51,23.4,34,3,788,-3129
2019-05-08 22:26:02,22.9,33.4,1,796,-3140
2019-05-08 22:56:14,22.7,33.2,1,798,-3127
2019-05-08 23:26:25,22.4,33.1,1,802,-3097
2019-05-08 23:56:36,22.2,33.1,1,800,-3119
2019-05-09 00:26:47,22,32.9,1,801,-2
2019-05-09 00:56:58,21.9,32.8,1,798,-3
2019-05-09 01:27:09,21.8,32.6,1,806,-4
2019-05-09 01:57:20,21.7,32.7,1,800,0
2019-05-09 02:27:31,21.6,32.4,1,795,-3127
2019-05-09 02:57:42,21.5,32.4,1,801,-3098
2019-05-09 03:27:54,21.4,32.2,1,804,-120
2019-05-09 03:58:05,21.4,32.1,1,806,-89
2019-05-09 04:28:16,21.3,32.1,1,806,3
2019-05-09 04:58:27,21.2,31.8,19,809,2
2019-05-09 05:28:38,21.2,31.7,78,808,1
2019-05-09 05:58:48,21.2,31.5,163,805,0
2019-05-09 06:29:00,21.2,31.3,263,806,-194
2019-05-09 06:59:11,21.3,31.1,393,801,-354
2019-05-09 07:29:22,21.5,30.3,571,802,-3095
2019-05-09 07:59:33,21.7,29.7,796,796,-3125
2019-05-09 08:29:44,22.2,29.1,978,796,-3040
2019-05-09 08:59:55,22.6,28.3,1160,795,-3132
2019-05-09 09:30:06,22.9,27.6,1309,796,1
2019-05-09 10:00:18,23.6,26.8,1393,795,-3163
2019-05-09 10:30:29,24.2,26.3,1481,797,-3214
2019-05-09 11:00:40,24.7,25.5,1477,801,-3135
2019-05-09 11:30:51,25.1,24.8,1660,798,-3213
2019-05-09 12:01:02,25.4,24.2,1525,795,-3179
2019-05-09 12:31:13,25.9,23.7,1645,798,3
2019-05-09 13:01:25,26.2,23.4,1921,795,-3198
2019-05-09 13:31:36,26.5,22.4,2154,796,-3185
2019-05-09 14:01:47,27,21.8,2353,802,2
2019-05-09 14:31:58,27.2,21.8,2062,817,4
2019-05-09 15:02:09,27.4,22.2,1753,802,-3185
2019-05-09 15:32:20,27.1,22.9,1518,805,8
2019-05-09 16:02:31,27.4,23,1326,804,-3143
2019-05-09 16:32:42,27.3,23.4,1278,810,-3169
2019-05-09 17:02:53,27.2,23.6,1301,816,-3154
2019-05-09 17:33:04,27.2,23.9,934,824,4
2019-05-09 18:03:15,26.9,23.9,586,823,2
2019-05-09 18:33:26,26.6,24.2,602,825,1
2019-05-09 19:03:37,26.4,24.3,528,829,1
2019-05-09 19:33:48,26.2,24.3,431,824,-3129
2019-05-09 20:03:59,25.9,25.3,329,826,2
2019-05-09 20:34:10,25.6,25.1,216,831,3
2019-05-09 21:04:21,25.4,25.7,102,825,2
2019-05-09 21:34:32,25,26.6,23,829,3
2019-05-09 22:04:43,24.6,26.6,1,835,-1
2019-05-09 22:34:54,24.2,27.2,1,843,-3093
2019-05-09 23:05:05,23.8,27.7,1,846,-3115
2019-05-09 23:35:17,23.5,27.8,1,826,-3121
2019-05-10 00:05:28,23.3,28.1,1,834,-3103
2019-05-10 00:35:39,23.1,28.4,1,833,-640
2019-05-10 01:05:50,22.8,28.8,1,840,-3086
2019-05-10 01:36:02,22.6,29.1,1,841,-3073
2019-05-10 02:06:13,22.6,29,1,842,-3099
2019-05-10 02:36:24,22.4,29.1,1,847,19
2019-05-10 03:06:35,22.4,29.2,1,847,-3108
2019-05-10 04:06:57,22.2,29.5,1,849,18
2019-05-10 04:37:08,22.1,29.4,4,859,18
2019-05-10 05:07:19,22.1,29.5,33,856,-3097
2019-05-10 05:37:30,22.1,29.5,145,849,3
2019-05-10 06:07:41,22.1,29.4,339,857,17
2019-05-10 06:37:52,22.2,29.4,442,858,17
2019-05-10 07:08:03,22.4,29,759,854,17
2019-05-10 07:38:15,22.6,28.6,903,853,16
2019-05-10 08:08:25,23,28.5,1604,843,8
2019-05-10 08:38:37,23.6,27.5,1041,845,9
2019-05-10 09:08:47,24.1,27.1,1729,856,7
2019-05-10 09:38:58,24.3,27,2226,861,6
2019-05-10 10:09:09,24.8,26.7,2229,865,-1
2019-05-10 10:39:20,24.8,27.9,1283,867,0
2019-05-10 11:09:31,24.8,28.8,1377,881,2
2019-05-10 11:39:42,24.9,29.1,2084,871,4
2019-05-10 14:10:37,24.5,31.7,1211,855,5
2019-05-10 14:40:48,24.6,32.7,1696,861,3
2019-05-10 15:10:59,24.6,33.6,1601,866,-3096
2019-05-10 15:41:10,24.9,34.3,1173,860,8
2019-05-10 16:11:22,24.5,35.5,435,867,-3112
2019-05-10 16:41:33,24.3,36.7,426,865,0
2019-05-10 17:11:44,24.1,37.7,526,874,-3078
2019-05-10 17:41:55,23.9,38.6,539,869,6
2019-05-10 18:42:22,23.7,39.8,591,874,7
2019-05-10 19:12:33,23.7,40,214,874,6
2019-05-10 19:42:44,23.4,41,112,876,3
2019-05-10 20:12:55,23.3,41.3,129,879,1
2019-05-10 20:43:07,23.1,42.1,49,888,0
2019-05-10 21:13:18,22.9,42.4,31,890,-1
2019-05-10 21:43:29,22.8,42.7,9,885,0
2019-05-10 22:13:40,22.7,42.9,2,888,-1
2019-05-10 22:43:51,22.6,43.3,1,885,20
2019-05-10 23:14:03,22.5,43.6,1,884,19
2019-05-10 23:44:14,22.4,44,1,890,4
2019-05-11 00:14:25,22.3,44.1,1,895,6
2019-05-11 00:44:36,22.3,44.2,1,896,0
2019-05-11 01:14:47,22.2,44.1,1,909,19
2019-05-11 01:44:59,22.2,44.3,1,915,21
2019-05-11 02:15:10,22.1,44.1,1,909,8
2019-05-11 02:45:21,22.1,44.1,1,900,6
2019-05-11 03:15:32,22,44.1,1,905,6
2019-05-11 03:45:44,22.1,44.2,1,895,5
2019-05-11 04:15:55,22.1,44.2,1,903,3
2019-05-11 04:46:06,22,44.5,10,902,5
2019-05-11 05:46:33,22.1,44.5,201,900,5
2019-05-11 06:16:44,22.1,44.4,342,903,6
2019-05-11 06:46:56,22.2,44.3,579,914,6
2019-05-11 07:17:07,22.3,43.8,787,907,6
2019-05-11 07:47:22,22.6,43.4,613,913,7
2019-05-11 08:17:33,22.5,43.4,645,903,7
2019-05-11 08:47:44,22.8,42.8,929,897,5
2019-05-11 09:17:59,23.1,42.4,1207,895,5
2019-05-11 09:48:10,23.2,41.8,1359,900,5
2019-05-11 10:18:21,23.4,41,1430,889,5
2019-05-11 11:18:48,24,39.8,1481,886,5
2019-05-11 11:48:59,24,39.8,1501,888,5
2019-05-11 12:19:10,24.1,39.8,1826,890,5
2019-05-11 12:49:21,24.1,39.2,1761,894,5
2019-05-11 13:49:48,24.2,38.4,1248,895,4
2019-05-11 14:50:15,24.1,37.9,1171,898,19
2019-05-11 15:20:26,23.8,38.1,1027,902,20
2019-05-11 15:50:37,23.7,38.5,536,897,20
2019-05-11 16:20:51,23.4,38.9,667,907,20
2019-05-11 16:51:07,23.2,39.3,385,905,20
2019-05-11 17:21:18,23,39.4,420,905,20
2019-05-11 17:51:29,22.8,39.6,416,908,20
2019-05-11 18:21:40,22.7,40,312,907,19
2019-05-11 18:51:51,22.5,40.5,431,905,20
2019-05-11 19:22:02,22.5,40.6,478,906,20
2019-05-11 19:52:14,22.4,40.8,309,906,20
2019-05-11 20:22:25,22.4,41.2,158,903,20
2019-05-11 21:22:52,22.2,42.2,26,913,20
2019-05-11 21:53:03,22.1,42.8,1,914,3
2019-05-11 22:23:14,22,43,1,910,3
2019-05-11 23:23:41,21.9,43.3,1,912,3
2019-05-12 00:24:08,21.8,43.2,1,914,6
2019-05-12 00:54:19,21.8,43.2,1,916,5
2019-05-12 01:24:30,21.7,43.2,1,916,3
2019-05-12 01:54:41,21.7,43,1,914,15
2019-05-12 02:24:52,21.6,42.7,1,913,19
2019-05-12 02:55:03,21.7,42.6,1,910,6
2019-05-12 03:25:17,21.6,42.6,1,913,5
2019-05-12 03:55:28,21.6,42.4,1,915,4
2019-05-12 04:25:39,21.7,42.4,1,909,2
2019-05-12 04:55:50,21.6,42.3,16,915,21
2019-05-12 05:26:01,21.6,42.3,60,913,5
2019-05-12 05:56:15,21.6,42,121,914,5
2019-05-12 06:26:26,21.6,42,602,912,5
2019-05-12 06:56:37,21.7,41.7,641,909,4
2019-05-12 07:26:48,21.9,41.4,580,907,4
2019-05-12 07:57:02,22,41,848,902,5
2019-05-12 08:27:13,22.4,40.2,1241,902,3
2019-05-12 08:57:24,22.9,39.4,2089,907,20
2019-05-12 09:27:35,23.6,37.8,2314,902,-3069
2019-05-12 09:57:46,23.7,37.5,1613,906,19
2019-05-12 10:27:57,24,36.7,1448,903,20
2019-05-12 10:58:08,24.3,36,1585,913,20
2019-05-12 11:28:19,24.6,35.4,1635,912,20
2019-05-12 11:58:30,24.9,35.1,1757,908,20
2019-05-12 12:28:41,25.7,33.9,2783,916,21
2019-05-12 12:58:52,26,34.6,2370,919,21
2019-05-12 13:29:03,26.2,33.6,4368,918,22
2019-05-12 13:59:14,26.9,32.2,3828,926,22
2019-05-12 14:29:25,26.6,31.7,2549,932,22
2019-05-12 14:59:36,27.7,28,3606,921,23
2019-05-12 15:29:47,27.2,27.7,1488,922,23
2019-05-12 15:59:58,27,26.7,1527,937,23
2019-05-12 16:30:12,26.8,26.2,1134,937,22
2019-05-12 17:00:23,26.7,25.9,990,942,22
2019-05-12 17:30:34,26.6,26.9,862,936,22
2019-05-12 18:00:45,26.6,27.3,753,937,23
2019-05-12 18:30:56,26.4,27.4,646,930,23
2019-05-12 19:01:07,26.2,27.9,554,934,22
2019-05-12 19:31:18,26,27.9,460,933,22
2019-05-12 20:01:29,25.7,28.9,362,937,21
2019-05-12 20:31:40,25.4,29.7,248,937,21
2019-05-12 21:01:51,25,30.3,139,933,21
2019-05-12 21:32:02,24.5,31.1,43,933,-3124
2019-05-12 22:02:13,24.3,31.2,7,932,-3122
2019-05-12 22:32:25,23.7,32.3,1,927,4
2019-05-12 23:02:36,23.3,33.1,1,930,1
2019-05-12 23:32:47,22.9,33.7,1,924,-3078
2019-05-13 00:02:58,22.7,34.3,1,931,-3074
2019-05-13 00:33:10,22.4,34.8,1,934,-3091
2019-05-13 01:03:21,22.3,35.1,1,932,-3088
2019-05-13 01:33:32,22.3,35.5,1,936,-3096
2019-05-13 02:03:43,22.2,35.7,1,930,5
2019-05-13 02:33:54,22.1,36,1,938,4
2019-05-13 03:04:05,22.1,36.1,1,933,-3
2019-05-13 03:34:16,22,36.3,1,933,22
2019-05-13 04:04:27,22,36.2,1,941,22
2019-05-13 04:34:38,22,36.3,6,941,22
2019-05-13 05:04:49,21.9,36.4,49,943,7
2019-05-13 05:35:00,21.9,36.3,108,942,8
2019-05-13 06:05:11,21.9,36.3,190,944,18
2019-05-13 06:35:22,21.9,36.1,295,934,22
2019-05-13 07:05:33,22.1,35.8,622,940,22
2019-05-13 07:35:44,22.2,35.3,583,941,22
2019-05-13 08:05:55,22.3,34.8,873,938,22
2019-05-13 08:36:06,22.5,34.2,1069,937,23
2019-05-13 09:06:17,22.7,33.4,1105,941,23
2019-05-13 09:36:28,22.8,33.1,1826,936,23
2019-05-13 10:06:39,23,32.8,686,932,23
2019-05-13 10:36:50,22.9,32.7,885,942,23
2019-05-13 11:07:01,23.2,33,1405,941,23
2019-05-13 11:37:12,23.4,32.4,2019,928,23
2019-05-13 12:07:23,23.5,32.2,1093,927,23
2019-05-13 12:37:34,23.2,32.7,1434,937,23
2019-05-13 13:07:45,23.4,32.2,1154,934,23
2019-05-13 13:37:56,23.3,32.3,2153,937,23
2019-05-13 14:08:07,23.5,32,1236,933,23
2019-05-13 14:38:18,23.3,32.5,1013,940,23
2019-05-13 15:08:29,23.2,32.9,1167,942,23
2019-05-13 15:38:40,23.2,32.8,1326,945,23
2019-05-13 16:08:51,23.3,32.8,1232,946,23
2019-05-13 16:39:02,23.2,33.1,1292,944,23
2019-05-13 17:09:13,23.3,32.9,1143,944,23
2019-05-13 17:39:24,23.3,32.9,866,941,23
2019-05-13 18:09:35,23.2,32.9,861,942,23
2019-05-13 18:39:46,23,33,628,945,22
2019-05-13 19:09:57,22.7,33.1,610,954,22
2019-05-13 19:40:08,22.6,33.4,457,951,22
2019-05-13 20:10:19,22.9,35.9,341,938,20
2019-05-13 20:40:30,22.8,38,189,942,7
2019-05-13 21:10:41,22.9,38.8,86,945,4
2019-05-13 21:40:52,22.7,37.5,50,949,2
2019-05-13 22:11:03,22.5,36.2,31,949,22
2019-05-13 22:41:14,22.4,35.4,26,954,23
2019-05-13 23:11:25,22.2,34.8,29,952,23
2019-05-13 23:41:36,22.2,34.3,1,943,23
2019-05-14 00:11:47,22,33.9,1,948,23
2019-05-14 00:41:58,21.8,33.7,1,951,21
2019-05-14 01:12:09,21.8,33.8,1,956,21
2019-05-14 01:42:20,21.7,33.8,1,954,22
2019-05-14 02:12:31,21.6,34.1,1,949,22
2019-05-14 02:42:42,21.6,33.8,1,953,22
2019-05-14 03:12:53,21.5,33.8,1,955,6
2019-05-14 03:43:04,21.4,34,1,954,7
2019-05-14 04:13:15,21.5,34.1,0,952,6
2019-05-14 04:43:26,21.4,34.1,7,952,22
2019-05-14 05:13:37,21.4,34.4,22,953,23
2019-05-14 05:43:48,21.4,34.6,39,960,22
2019-05-14 06:13:59,21.4,34.7,145,952,6
2019-05-14 06:44:10,21.4,34.8,236,952,6
2019-05-14 07:14:21,21.4,34.4,412,953,23
2019-05-14 07:44:32,21.5,34.4,515,956,23
2019-05-14 08:14:43,21.6,34.1,519,948,24
2019-05-14 08:44:54,21.7,33.9,711,946,24
2019-05-14 09:15:05,21.8,33.6,954,954,24
2019-05-14 09:45:16,21.9,33.7,1184,954,24
2019-05-14 10:15:27,22,33.4,1572,946,24
2019-05-14 10:45:38,22.5,32.6,2265,949,23
2019-05-14 11:15:49,23,32.1,3150,944,23
2019-05-14 11:46:00,23.5,31.2,3500,946,23
2019-05-14 12:16:11,24.1,29.9,1656,945,23
2019-05-14 12:46:22,23.8,30.1,1873,948,21
2019-05-14 13:16:32,24.6,29.5,2034,957,5
2019-05-14 13:46:44,24.9,29,2271,957,6
2019-05-14 14:16:54,25.1,27.1,5390,970,6
2019-05-14 14:47:05,27.6,24,1910,962,6
2019-05-14 15:17:17,25.8,25.3,1582,956,6
2019-05-14 15:47:27,26,25,1305,955,6
2019-05-14 16:17:38,26.6,24,1109,964,20
2019-05-14 16:47:49,26.6,23.7,966,962,21
2019-05-14 17:18:00,26.5,24.4,835,972,21
2019-05-14 17:48:11,26.5,23.6,735,976,21
2019-05-14 18:18:22,26.3,23.6,648,966,22
2019-05-14 18:48:33,26.2,24,569,974,22
2019-05-14 19:18:44,26,24,485,975,20
2019-05-14 19:48:55,25.7,26.1,398,970,18
2019-05-14 20:19:06,25.5,26.4,302,972,10
2019-05-14 20:49:17,24.9,27.3,201,974,11
2019-05-14 21:19:28,24.7,28.5,96,973,11
2019-05-14 21:49:39,24.3,30.5,19,974,21
2019-05-14 22:19:50,24,32.2,3,953,23
2019-05-14 22:50:01,23.6,31.8,1,975,17
2019-05-14 23:20:12,23.2,31.2,1,970,18
2019-05-14 23:50:23,22.7,31,1,982,17
2019-05-15 00:20:34,22.4,30.8,1,973,16
2019-05-15 00:50:45,22.3,30.7,1,975,22
2019-05-15 01:20:56,22.1,30.9,1,979,22
2019-05-15 01:51:07,21.9,30.7,1,976,23
2019-05-15 02:21:18,21.8,31,1,987,23
2019-05-15 02:51:29,21.7,31.1,1,987,7
2019-05-15 03:21:40,21.6,31.4,1,990,7
2019-05-15 03:51:51,21.5,31.2,1,991,7
2019-05-15 04:22:02,21.5,30.9,5,996,8
2019-05-15 04:52:13,21.4,30.5,34,996,24
2019-05-15 05:22:24,21.4,30.1,105,997,24
2019-05-15 05:52:35,21.4,30.2,194,991,24
2019-05-15 06:22:46,21.4,30.1,296,987,6
2019-05-15 06:52:57,21.5,30.1,431,981,7
2019-05-15 07:23:08,21.7,30,630,985,8
2019-05-15 07:53:19,22.1,29.9,890,975,7
2019-05-15 08:23:30,22.5,29.5,1083,985,23
2019-05-15 08:53:41,22.9,29,1274,969,23
2019-05-15 09:23:51,23.2,28.4,1508,984,23
2019-05-15 09:54:02,23.6,28,1575,987,21
2019-05-15 10:24:13,24,27.7,1588,985,5
2019-05-15 10:54:24,24.5,27.3,1608,985,6
2019-05-15 11:24:35,25.3,26.9,1507,986,6
2019-05-15 11:54:46,25.5,26.6,1786,988,6
2019-05-15 12:24:57,25.9,25.9,2207,988,6
2019-05-15 12:55:08,26.5,24.4,2125,996,-3148
2019-05-15 13:25:20,26.7,23.2,2252,998,-3172
2019-05-15 13:55:31,27,22.8,18246,1000,-3185
2019-05-15 14:25:42,27.8,22.2,2377,1004,-3201
2019-05-15 14:55:53,28.2,20.8,1799,1009,-3126
2019-05-15 16:26:40,27.3,20.5,1034,1006,-3151
2019-05-15 16:56:52,27.3,20.1,909,1015,-3136
2019-05-15 17:57:19,27.1,20.1,712,1017,10
2019-05-15 18:27:30,26.9,20.1,629,1017,11
2019-05-15 18:57:41,26.8,19.9,520,1018,12
2019-05-15 19:27:53,26.5,20,442,1020,10
2019-05-15 19:58:04,26,22.4,378,1015,10
2019-05-15 20:28:16,25.9,23.3,298,1013,12
2019-05-15 20:58:32,25.6,24.8,179,1008,9
2019-05-15 21:28:44,25.3,26,76,1013,-3144
2019-05-15 21:58:57,24.9,26.2,14,1014,-1637
2019-05-15 22:29:09,24.5,26,0,999,15
2019-05-15 22:59:26,24.1,26.4,1,1006,8
2019-05-15 23:29:40,23.7,27.3,1,1010,8
2019-05-16 00:30:08,22.9,27.2,1,1011,-203
2019-05-16 01:00:20,22.8,27,1,1014,-228
2019-05-16 02:31:07,22.3,26.8,1,1015,9
2019-05-16 03:01:25,22.2,27.1,1,1011,22
2019-05-16 03:31:40,22,27.3,1,1015,23
2019-05-16 04:32:11,21.9,27.5,12,1020,9
2019-05-16 05:02:26,21.8,27.6,60,1018,10
2019-05-16 07:03:35,22.1,28,504,1008,16
2019-05-16 08:34:24,23,26.9,1154,1006,8
2019-05-16 09:04:36,23.5,26.3,1327,1001,-3131
2019-05-16 09:34:47,23.9,25.4,1391,1009,24
2019-05-16 10:04:59,24.2,25.1,1416,1011,14
2019-05-16 10:35:10,24.7,23.4,1403,1015,14
2019-05-16 11:05:21,25.1,23.1,1413,1018,14
2019-05-16 11:35:36,25.3,23.7,1466,1021,14
2019-05-16 12:05:47,25.8,24.3,1574,1017,14
2019-05-16 12:35:58,26.6,23.7,1772,1018,14
2019-05-16 13:06:09,26.5,23.7,1966,1018,15
2019-05-16 13:36:20,27.2,22.9,2201,1024,14
2019-05-16 14:06:31,27.4,22.2,2380,1024,14
2019-05-16 14:36:42,28.8,20.4,2061,1024,15
2019-05-16 15:06:53,27.9,22.2,1682,1024,15
2019-05-16 15:37:04,27.2,21.8,1368,1024,15
2019-05-16 16:07:15,27.8,21,1202,1024,14
2019-05-16 16:37:26,27.6,20.7,1008,1024,15
2019-05-16 17:07:38,27.8,21.2,899,1024,12
2019-05-16 17:37:49,27.8,21.2,782,1024,12
2019-05-16 18:08:00,27.6,21.1,689,1024,10
2019-05-16 18:38:11,27.5,21.2,596,1024,9
2019-05-16 19:08:22,27.3,21.4,511,1024,8
2019-05-16 19:38:33,27.1,21.7,427,1024,9
2019-05-16 20:08:45,26.8,22.5,361,1024,8
2019-05-16 20:38:56,26.4,22.8,232,1024,9
2019-05-16 21:09:07,26.1,23.4,108,1024,6
2019-05-16 21:39:18,25.7,23.9,38,1024,4
2019-05-16 22:09:30,25.3,24.4,8,1024,-3140
2019-05-16 22:39:41,25,24.8,0,1024,12
2019-05-16 23:09:52,24.6,25.7,1,1024,6
2019-05-16 23:40:03,24.1,26.8,1,1024,7
2019-05-17 00:10:14,23.7,27.4,1,1024,6
2019-05-17 00:40:25,23.4,28.3,1,1024,-3108
2019-05-17 01:10:36,23.1,29,1,1024,17
2019-05-17 01:40:47,22.9,29.2,1,1024,-386
2019-05-17 02:10:58,22.9,29.2,1,1024,11
2019-05-17 02:41:09,22.7,29.5,1,1024,3
2019-05-17 03:11:20,22.6,29.8,1,1024,25
2019-05-17 03:41:31,22.5,29.9,1,1024,-3117
2019-05-17 04:11:42,22.4,30.1,3,1024,19
2019-05-17 04:41:56,22.3,30.6,26,1024,16
2019-05-17 05:12:07,22.3,30.8,108,1024,7
2019-05-17 05:42:18,22.3,30.7,202,1024,14
2019-05-17 06:12:29,22.3,30.3,311,1024,16
2019-05-17 06:42:40,22.4,29.7,489,1024,17
2019-05-17 07:12:51,22.6,29.1,599,1024,15
2019-05-17 07:43:02,22.8,28.6,804,1024,15
2019-05-17 08:13:13,23.3,28.1,1113,1024,13
2019-05-17 08:43:24,23.5,27.4,1237,1024,14
2019-05-17 09:13:35,24,26.5,1386,1024,14
2019-05-17 09:43:46,24.3,26,1425,1024,14
2019-05-17 10:13:57,24.7,25.6,1439,1024,14
2019-05-17 10:44:08,25,25.9,1435,1024,14
2019-05-17 11:14:19,25.3,25.8,1437,1024,14
2019-05-17 11:44:30,25.7,25.6,1497,1024,14
2019-05-17 12:14:41,26.2,25.2,1740,1024,24
2019-05-17 12:44:52,26.3,25.3,1618,1024,24
2019-05-17 13:15:03,27.3,24.5,2103,753,25
